6.2831853071795868e-02	0	3.7122999999999999e+00	3.7122999999999999e+00	0.0000000000000000e+00	3.7122999999999999e+00
6.2831853071795868e-02	1	3.7122999999999999e+00	3.7048259390665765e+00	2.3544861694106442e-01	3.7123000000000004e+00
6.2831853071795868e-02	2	3.7122999999999999e+00	3.6824338516717616e+00	4.6994916540182941e-01	3.7123000000000004e+00
6.2831853071795868e-02	3	3.7122999999999999e+00	3.6452139028483459e+00	7.0255739443915077e-01	3.7122999999999995e+00
6.2831853071795868e-02	4	3.7122999999999999e+00	3.5933159641936934e+00	9.3233667281232036e-01	3.7122999999999999e+00
6.2831853071795868e-02	5	3.7122999999999999e+00	3.5269490103897119e+00	1.1583617604664938e+00	3.7123000000000004e+00
6.2831853071795868e-02	6	3.7122999999999999e+00	3.4463802777355661e+00	1.3797225341478339e+00	3.7122999999999995e+00
6.2831853071795868e-02	7	3.7122999999999999e+00	3.3519341880814242e+00	1.5955276521486317e+00	3.7123000000000004e+00
6.2831853071795868e-02	8	3.7122999999999999e+00	3.2439910424961624e+00	1.8049081434257699e+00	3.7122999999999995e+00
6.2831853071795868e-02	9	3.7122999999999999e+00	3.1229854899291940e+00	2.0070209066404145e+00	3.7122999999999999e+00
6.2831853071795868e-02	10	3.7122999999999999e+00	2.9894047770325489e+00	2.2010521050295417e+00	3.7123000000000004e+00
6.2831853071795868e-02	11	3.7122999999999999e+00	2.8437867861905826e+00	2.3862204434393397e+00	3.7122999999999999e+00
6.2831853071795868e-02	12	3.7122999999999999e+00	2.6867178696574521e+00	2.5617803143250439e+00	3.7122999999999995e+00
6.2831853071795868e-02	13	3.7122999999999999e+00	2.5188304885235420e+00	2.7270248000493611e+00	3.7123000000000004e+00
6.2831853071795868e-02	14	3.7122999999999999e+00	2.3408006660178731e+00	2.8812885193902886e+00	3.7122999999999999e+00
6.2831853071795868e-02	15	3.7122999999999999e+00	2.1533452654011591e+00	3.0239503067964608e+00	3.7122999999999995e+00
6.2831853071795868e-02	16	3.7122999999999999e+00	1.9572191034104680e+00	3.1544357136015821e+00	3.7122999999999995e+00
6.2831853071795868e-02	17	3.7122999999999999e+00	1.7532119108786299e+00	3.2722193211264590e+00	3.7122999999999999e+00
6.2831853071795868e-02	18	3.7122999999999999e+00	1.5421451527669030e+00	3.3768268563545782e+00	3.7122999999999995e+00
6.2831853071795868e-02	19	3.7122999999999999e+00	1.3248687204155061e+00	3.4678371016621554e+00	3.7122999999999995e+00
6.2831853071795868e-02	20	3.7122999999999999e+00	1.1022575093311551e+00	3.5448835909128356e+00	3.7123000000000004e+00
6.2831853071795868e-02	21	3.7122999999999999e+00	8.7520789629164686e-01	3.6076560850874837e+00	3.7122999999999999e+00
6.2831853071795868e-02	22	3.7122999999999999e+00	6.4463412995294656e-01	3.6559018215072197e+00	3.7122999999999995e+00
6.2831853071795868e-02	23	3.7122999999999999e+00	4.1146464949252348e-01	3.6894265316195134e+00	3.7122999999999995e+00
6.2831853071795868e-02	24	3.7122999999999999e+00	1.7663834611247892e-01	3.7080952232490803e+00	3.7122999999999999e+00
6.2831853071795868e-02	25	3.7122999999999999e+00	-5.8899217543957841e-02	3.7118327241637266e+00	3.7123000000000004e+00
6.2831853071795868e-02	26	3.7122999999999999e+00	-2.9419961483945611e-01	3.7006239847663958e+00	3.7123000000000004e+00
6.2831853071795868e-02	27	3.7122999999999999e+00	-5.2831537412191587e-01	3.6745141386945868e+00	3.7123000000000004e+00
6.2831853071795868e-02	28	3.7122999999999999e+00	-7.6030379385840674e-01	3.6336083210831229e+00	3.7122999999999995e+00
6.2831853071795868e-02	29	3.7122999999999999e+00	-9.8923073856151700e-01	3.5780712452220729e+00	3.7122999999999999e+00
6.2831853071795868e-02	30	3.7122999999999999e+00	-1.2141744002232635e+00	3.5081265393144641e+00	3.7122999999999999e+00
6.2831853071795868e-02	31	3.7122999999999999e+00	-1.4342290101106008e+00	3.4240558460044377e+00	3.7122999999999995e+00
6.2831853071795868e-02	32	3.7122999999999999e+00	-1.6485084859764152e+00	3.3261976883017259e+00	3.7122999999999995e+00
6.2831853071795868e-02	33	3.7122999999999999e+00	-1.8561499999999991e+00	3.2149461064689717e+00	3.7122999999999995e+00
6.2831853071795868e-02	34	3.7122999999999999e+00	-2.0563174530901609e+00	3.0907490713606620e+00	3.7123000000000004e+00
6.2831853071795868e-02	35	3.7122999999999999e+00	-2.2482048415611593e+00	2.9541066806026088e+00	3.7122999999999999e+00
6.2831853071795868e-02	36	3.7122999999999999e+00	-2.4310395026250813e+00	2.8055691448753128e+00	3.7122999999999995e+00
6.2831853071795868e-02	37	3.7122999999999999e+00	-2.6040852256321769e+00	2.6457345724097521e+00	3.7122999999999999e+00
6.2831853071795868e-02	38	3.7122999999999999e+00	-2.7666452165313040e+00	2.4752465606166298e+00	3.7123000000000004e+00
6.2831853071795868e-02	39	3.7122999999999999e+00	-2.9180649036136490e+00	2.2947916045467536e+00	3.7122999999999999e+00
6.2831853071795868e-02	40	3.7122999999999999e+00	-3.0577345732419676e+00	2.1050963326177641e+00	3.7122999999999995e+00
6.2831853071795868e-02	41	3.7122999999999999e+00	-3.1850918249522047e+00	1.9069245807379573e+00	3.7122999999999999e+00
6.2831853071795868e-02	42	3.7122999999999999e+00	-3.2996238360416719e+00	1.7010743166086659e+00	3.7122999999999995e+00
6.2831853071795868e-02	43	3.7122999999999999e+00	-3.4008694265250714e+00	1.4883744265899732e+00	3.7122999999999999e+00
6.2831853071795868e-02	44	3.7122999999999999e+00	-3.4884209161435269e+00	1.2696813780678822e+00	3.7122999999999999e+00
6.2831853071795868e-02	45	3.7122999999999999e+00	-3.5619257659490984e+00	1.0458757707624393e+00	3.7122999999999995e+00
6.2831853071795868e-02	46	3.7122999999999999e+00	-3.6210879978546964e+00	8.1785879086347546e-01	3.7122999999999999e+00
6.2831853071795868e-02	47	3.7122999999999999e+00	-3.6656693864333785e+00	5.8654858227186679e-01	3.7122999999999995e+00
6.2831853071795868e-02	48	3.7122999999999999e+00	-3.6954904181680619e+00	3.5287654955811809e-01	3.7122999999999999e+00
6.2831853071795868e-02	49	3.7122999999999999e+00	-3.7104310142890977e+00	1.1778360752487821e-01	3.7122999999999995e+00
6.2831853071795868e-02	50	3.7122999999999999e+00	-3.7104310142890977e+00	-1.1778360752487731e-01	3.7122999999999995e+00
6.2831853071795868e-02	51	3.7122999999999999e+00	-3.6954904181680619e+00	-3.5287654955811715e-01	3.7122999999999999e+00
6.2831853071795868e-02	52	3.7122999999999999e+00	-3.6656693864333785e+00	-5.8654858227186746e-01	3.7122999999999999e+00
6.2831853071795868e-02	53	3.7122999999999999e+00	-3.6210879978546964e+00	-8.1785879086347446e-01	3.7122999999999995e+00
6.2831853071795868e-02	54	3.7122999999999999e+00	-3.5619257659490988e+00	-1.0458757707624384e+00	3.7122999999999999e+00
6.2831853071795868e-02	55	3.7122999999999999e+00	-3.4884209161435278e+00	-1.2696813780678797e+00	3.7122999999999999e+00
6.2831853071795868e-02	56	3.7122999999999999e+00	-3.4008694265250723e+00	-1.4883744265899708e+00	3.7122999999999995e+00
6.2831853071795868e-02	57	3.7122999999999999e+00	-3.2996238360416732e+00	-1.7010743166086637e+00	3.7122999999999999e+00
6.2831853071795868e-02	58	3.7122999999999999e+00	-3.1850918249522051e+00	-1.9069245807379567e+00	3.7122999999999999e+00
6.2831853071795868e-02	59	3.7122999999999999e+00	-3.0577345732419681e+00	-2.1050963326177632e+00	3.7122999999999995e+00
6.2831853071795868e-02	60	3.7122999999999999e+00	-2.9180649036136508e+00	-2.2947916045467518e+00	3.7123000000000004e+00
6.2831853071795868e-02	61	3.7122999999999999e+00	-2.7666452165313045e+00	-2.4752465606166290e+00	3.7122999999999999e+00
6.2831853071795868e-02	62	3.7122999999999999e+00	-2.6040852256321778e+00	-2.6457345724097516e+00	3.7123000000000004e+00
6.2831853071795868e-02	63	3.7122999999999999e+00	-2.4310395026250808e+00	-2.8055691448753137e+00	3.7122999999999999e+00
6.2831853071795868e-02	64	3.7122999999999999e+00	-2.2482048415611597e+00	-2.9541066806026079e+00	3.7122999999999995e+00
6.2831853071795868e-02	65	3.7122999999999999e+00	-2.0563174530901618e+00	-3.0907490713606616e+00	3.7123000000000004e+00
6.2831853071795868e-02	66	3.7122999999999999e+00	-1.8561500000000015e+00	-3.2149461064689704e+00	3.7122999999999995e+00
6.2831853071795868e-02	67	3.7122999999999999e+00	-1.6485084859764145e+00	-3.3261976883017264e+00	3.7122999999999999e+00
6.2831853071795868e-02	68	3.7122999999999999e+00	-1.4342290101106017e+00	-3.4240558460044372e+00	3.7122999999999999e+00
6.2831853071795868e-02	69	3.7122999999999999e+00	-1.2141744002232653e+00	-3.5081265393144632e+00	3.7122999999999995e+00
6.2831853071795868e-02	70	3.7122999999999999e+00	-9.8923073856151866e-01	-3.5780712452220724e+00	3.7122999999999999e+00
6.2831853071795868e-02	71	3.7122999999999999e+00	-7.6030379385840685e-01	-3.6336083210831229e+00	3.7122999999999995e+00
6.2831853071795868e-02	72	3.7122999999999999e+00	-5.2831537412191676e-01	-3.6745141386945863e+00	3.7122999999999995e+00
6.2831853071795868e-02	73	3.7122999999999999e+00	-2.9419961483945700e-01	-3.7006239847663953e+00	3.7122999999999999e+00
6.2831853071795868e-02	74	3.7122999999999999e+00	-5.8899217543956287e-02	-3.7118327241637266e+00	3.7123000000000004e+00
6.2831853071795868e-02	75	3.7122999999999999e+00	1.7663834611247883e-01	-3.7080952232490803e+00	3.7122999999999999e+00
6.2831853071795868e-02	76	3.7122999999999999e+00	4.1146464949252259e-01	-3.6894265316195134e+00	3.7122999999999995e+00
6.2831853071795868e-02	77	3.7122999999999999e+00	6.4463412995294411e-01	-3.6559018215072201e+00	3.7122999999999995e+00
6.2831853071795868e-02	78	3.7122999999999999e+00	8.7520789629164442e-01	-3.6076560850874846e+00	3.7123000000000004e+00
6.2831853071795868e-02	79	3.7122999999999999e+00	1.1022575093311551e+00	-3.5448835909128356e+00	3.7123000000000004e+00
6.2831853071795868e-02	80	3.7122999999999999e+00	1.3248687204155052e+00	-3.4678371016621559e+00	3.7122999999999999e+00
6.2831853071795868e-02	81	3.7122999999999999e+00	1.5421451527669015e+00	-3.3768268563545791e+00	3.7122999999999999e+00
6.2831853071795868e-02	82	3.7122999999999999e+00	1.7532119108786277e+00	-3.2722193211264599e+00	3.7122999999999999e+00
6.2831853071795868e-02	83	3.7122999999999999e+00	1.9572191034104680e+00	-3.1544357136015821e+00	3.7122999999999995e+00
6.2831853071795868e-02	84	3.7122999999999999e+00	2.1533452654011582e+00	-3.0239503067964617e+00	3.7122999999999999e+00
6.2831853071795868e-02	85	3.7122999999999999e+00	2.3408006660178713e+00	-2.8812885193902900e+00	3.7122999999999999e+00
6.2831853071795868e-02	86	3.7122999999999999e+00	2.5188304885235397e+00	-2.7270248000493624e+00	3.7122999999999999e+00
6.2831853071795868e-02	87	3.7122999999999999e+00	2.6867178696574494e+00	-2.5617803143250470e+00	3.7122999999999999e+00
6.2831853071795868e-02	88	3.7122999999999999e+00	2.8437867861905790e+00	-2.3862204434393433e+00	3.7122999999999995e+00
6.2831853071795868e-02	89	3.7122999999999999e+00	2.9894047770325494e+00	-2.2010521050295409e+00	3.7122999999999999e+00
6.2831853071795868e-02	90	3.7122999999999999e+00	3.1229854899291940e+00	-2.0070209066404145e+00	3.7122999999999999e+00
6.2831853071795868e-02	91	3.7122999999999999e+00	3.2439910424961624e+00	-1.8049081434257703e+00	3.7122999999999999e+00
6.2831853071795868e-02	92	3.7122999999999999e+00	3.3519341880814233e+00	-1.5955276521486328e+00	3.7122999999999999e+00
6.2831853071795868e-02	93	3.7122999999999999e+00	3.4463802777355652e+00	-1.3797225341478359e+00	3.7122999999999995e+00
6.2831853071795868e-02	94	3.7122999999999999e+00	3.5269490103897119e+00	-1.1583617604664935e+00	3.7123000000000004e+00
6.2831853071795868e-02	95	3.7122999999999999e+00	3.5933159641936934e+00	-9.3233667281232102e-01	3.7123000000000004e+00
6.2831853071795868e-02	96	3.7122999999999999e+00	3.6452139028483455e+00	-7.0255739443915233e-01	3.7122999999999995e+00
6.2831853071795868e-02	97	3.7122999999999999e+00	3.6824338516717612e+00	-4.6994916540183185e-01	3.7123000000000004e+00
6.2831853071795868e-02	98	3.7122999999999999e+00	3.7048259390665761e+00	-2.3544861694106775e-01	3.7122999999999995e+00
6.2831853071795868e-02	99	3.7122999999999999e+00	3.7122999999999999e+00	2.3879334849578313e-15	3.7122999999999999e+00
6.2831853071795868e-02	0	3.7122999999999999e+00	3.7122999999999999e+00	0.0000000000000000e+00	3.7122999999999999e+00	
6.2831853071795868e-02	1	3.7122999999999999e+00	3.7048259390665765e+00	2.3544861694106442e-01	3.7123000000000004e+00	
6.2831853071795868e-02	2	3.7122999999999999e+00	3.6824338516717616e+00	4.6994916540182941e-01	3.7123000000000004e+00	
6.2831853071795868e-02	3	3.7122999999999999e+00	3.6452139028483459e+00	7.0255739443915077e-01	3.7122999999999995e+00	
6.2831853071795868e-02	4	3.7122999999999999e+00	3.5933159641936934e+00	9.3233667281232036e-01	3.7122999999999999e+00	
6.2831853071795868e-02	5	3.7122999999999999e+00	3.5269490103897119e+00	1.1583617604664938e+00	3.7123000000000004e+00	
6.2831853071795868e-02	6	3.7122999999999999e+00	3.4463802777355661e+00	1.3797225341478339e+00	3.7122999999999995e+00	
6.2831853071795868e-02	7	3.7122999999999999e+00	3.3519341880814242e+00	1.5955276521486317e+00	3.7123000000000004e+00	
6.2831853071795868e-02	8	3.7122999999999999e+00	3.2439910424961624e+00	1.8049081434257699e+00	3.7122999999999995e+00	
6.2831853071795868e-02	9	3.7122999999999999e+00	3.1229854899291940e+00	2.0070209066404145e+00	3.7122999999999999e+00	
6.2831853071795868e-02	10	3.7122999999999999e+00	2.9894047770325489e+00	2.2010521050295417e+00	3.7123000000000004e+00	
6.2831853071795868e-02	11	3.7122999999999999e+00	2.8437867861905826e+00	2.3862204434393397e+00	3.7122999999999999e+00	
6.2831853071795868e-02	12	3.7122999999999999e+00	2.6867178696574521e+00	2.5617803143250439e+00	3.7122999999999995e+00	
6.2831853071795868e-02	13	3.7122999999999999e+00	2.5188304885235420e+00	2.7270248000493611e+00	3.7123000000000004e+00	
6.2831853071795868e-02	14	3.7122999999999999e+00	2.3408006660178731e+00	2.8812885193902886e+00	3.7122999999999999e+00	
6.2831853071795868e-02	15	3.7122999999999999e+00	2.1533452654011591e+00	3.0239503067964608e+00	3.7122999999999995e+00	
6.2831853071795868e-02	16	3.7122999999999999e+00	1.9572191034104680e+00	3.1544357136015821e+00	3.7122999999999995e+00	
6.2831853071795868e-02	17	3.7122999999999999e+00	1.7532119108786299e+00	3.2722193211264590e+00	3.7122999999999999e+00	
6.2831853071795868e-02	18	3.7122999999999999e+00	1.5421451527669030e+00	3.3768268563545782e+00	3.7122999999999995e+00	
6.2831853071795868e-02	19	3.7122999999999999e+00	1.3248687204155061e+00	3.4678371016621554e+00	3.7122999999999995e+00	
6.2831853071795868e-02	20	3.7122999999999999e+00	1.1022575093311551e+00	3.5448835909128356e+00	3.7123000000000004e+00	
6.2831853071795868e-02	21	3.7122999999999999e+00	8.7520789629164686e-01	3.6076560850874837e+00	3.7122999999999999e+00	
6.2831853071795868e-02	22	3.7122999999999999e+00	6.4463412995294656e-01	3.6559018215072197e+00	3.7122999999999995e+00	
6.2831853071795868e-02	23	3.7122999999999999e+00	4.1146464949252348e-01	3.6894265316195134e+00	3.7122999999999995e+00	
6.2831853071795868e-02	24	3.7122999999999999e+00	1.7663834611247892e-01	3.7080952232490803e+00	3.7122999999999999e+00	
6.2831853071795868e-02	25	3.7122999999999999e+00	-5.8899217543957841e-02	3.7118327241637266e+00	3.7123000000000004e+00	
6.2831853071795868e-02	26	3.7122999999999999e+00	-2.9419961483945611e-01	3.7006239847663958e+00	3.7123000000000004e+00	
6.2831853071795868e-02	27	3.7122999999999999e+00	-5.2831537412191587e-01	3.6745141386945868e+00	3.7123000000000004e+00	
6.2831853071795868e-02	28	3.7122999999999999e+00	-7.6030379385840674e-01	3.6336083210831229e+00	3.7122999999999995e+00	
6.2831853071795868e-02	29	3.7122999999999999e+00	-9.8923073856151700e-01	3.5780712452220729e+00	3.7122999999999999e+00	
6.2831853071795868e-02	30	3.7122999999999999e+00	-1.2141744002232635e+00	3.5081265393144641e+00	3.7122999999999999e+00	
6.2831853071795868e-02	31	3.7122999999999999e+00	-1.4342290101106008e+00	3.4240558460044377e+00	3.7122999999999995e+00	
6.2831853071795868e-02	32	3.7122999999999999e+00	-1.6485084859764152e+00	3.3261976883017259e+00	3.7122999999999995e+00	
6.2831853071795868e-02	33	3.7122999999999999e+00	-1.8561499999999991e+00	3.2149461064689717e+00	3.7122999999999995e+00	
6.2831853071795868e-02	34	3.7122999999999999e+00	-2.0563174530901609e+00	3.0907490713606620e+00	3.7123000000000004e+00	
6.2831853071795868e-02	35	3.7122999999999999e+00	-2.2482048415611593e+00	2.9541066806026088e+00	3.7122999999999999e+00	
6.2831853071795868e-02	36	3.7122999999999999e+00	-2.4310395026250813e+00	2.8055691448753128e+00	3.7122999999999995e+00	
6.2831853071795868e-02	37	3.7122999999999999e+00	-2.6040852256321769e+00	2.6457345724097521e+00	3.7122999999999999e+00	
6.2831853071795868e-02	38	3.7122999999999999e+00	-2.7666452165313040e+00	2.4752465606166298e+00	3.7123000000000004e+00	
6.2831853071795868e-02	39	3.7122999999999999e+00	-2.9180649036136490e+00	2.2947916045467536e+00	3.7122999999999999e+00	
6.2831853071795868e-02	40	3.7122999999999999e+00	-3.0577345732419676e+00	2.1050963326177641e+00	3.7122999999999995e+00	
6.2831853071795868e-02	41	3.7122999999999999e+00	-3.1850918249522047e+00	1.9069245807379573e+00	3.7122999999999999e+00	
6.2831853071795868e-02	42	3.7122999999999999e+00	-3.2996238360416719e+00	1.7010743166086659e+00	3.7122999999999995e+00	
6.2831853071795868e-02	43	3.7122999999999999e+00	-3.4008694265250714e+00	1.4883744265899732e+00	3.7122999999999999e+00	
6.2831853071795868e-02	44	3.7122999999999999e+00	-3.4884209161435269e+00	1.2696813780678822e+00	3.7122999999999999e+00	
6.2831853071795868e-02	45	3.7122999999999999e+00	-3.5619257659490984e+00	1.0458757707624393e+00	3.7122999999999995e+00	
6.2831853071795868e-02	46	3.7122999999999999e+00	-3.6210879978546964e+00	8.1785879086347546e-01	3.7122999999999999e+00	
6.2831853071795868e-02	47	3.7122999999999999e+00	-3.6656693864333785e+00	5.8654858227186679e-01	3.7122999999999995e+00	
6.2831853071795868e-02	48	3.7122999999999999e+00	-3.6954904181680619e+00	3.5287654955811809e-01	3.7122999999999999e+00	
6.2831853071795868e-02	49	3.7122999999999999e+00	-3.7104310142890977e+00	1.1778360752487821e-01	3.7122999999999995e+00	
6.2831853071795868e-02	50	3.7122999999999999e+00	-3.7104310142890977e+00	-1.1778360752487731e-01	3.7122999999999995e+00	
6.2831853071795868e-02	51	3.7122999999999999e+00	-3.6954904181680619e+00	-3.5287654955811715e-01	3.7122999999999999e+00	
6.2831853071795868e-02	52	3.7122999999999999e+00	-3.6656693864333785e+00	-5.8654858227186746e-01	3.7122999999999999e+00	
6.2831853071795868e-02	53	3.7122999999999999e+00	-3.6210879978546964e+00	-8.1785879086347446e-01	3.7122999999999995e+00	
6.2831853071795868e-02	54	3.7122999999999999e+00	-3.5619257659490988e+00	-1.0458757707624384e+00	3.7122999999999999e+00	
6.2831853071795868e-02	55	3.7122999999999999e+00	-3.4884209161435278e+00	-1.2696813780678797e+00	3.7122999999999999e+00	
6.2831853071795868e-02	56	3.7122999999999999e+00	-3.4008694265250723e+00	-1.4883744265899708e+00	3.7122999999999995e+00	
6.2831853071795868e-02	57	3.7122999999999999e+00	-3.2996238360416732e+00	-1.7010743166086637e+00	3.7122999999999999e+00	
6.2831853071795868e-02	58	3.7122999999999999e+00	-3.1850918249522051e+00	-1.9069245807379567e+00	3.7122999999999999e+00	
6.2831853071795868e-02	59	3.7122999999999999e+00	-3.0577345732419681e+00	-2.1050963326177632e+00	3.7122999999999995e+00	
6.2831853071795868e-02	60	3.7122999999999999e+00	-2.9180649036136508e+00	-2.2947916045467518e+00	3.7123000000000004e+00	
6.2831853071795868e-02	61	3.7122999999999999e+00	-2.7666452165313045e+00	-2.4752465606166290e+00	3.7122999999999999e+00	
6.2831853071795868e-02	62	3.7122999999999999e+00	-2.6040852256321778e+00	-2.6457345724097516e+00	3.7123000000000004e+00	
6.2831853071795868e-02	63	3.7122999999999999e+00	-2.4310395026250808e+00	-2.8055691448753137e+00	3.7122999999999999e+00	
6.2831853071795868e-02	64	3.7122999999999999e+00	-2.2482048415611597e+00	-2.9541066806026079e+00	3.7122999999999995e+00	
6.2831853071795868e-02	65	3.7122999999999999e+00	-2.0563174530901618e+00	-3.0907490713606616e+00	3.7123000000000004e+00	
6.2831853071795868e-02	66	3.7122999999999999e+00	-1.8561500000000015e+00	-3.2149461064689704e+00	3.7122999999999995e+00	
6.2831853071795868e-02	67	3.7122999999999999e+00	-1.6485084859764145e+00	-3.3261976883017264e+00	3.7122999999999999e+00	
6.2831853071795868e-02	68	3.7122999999999999e+00	-1.4342290101106017e+00	-3.4240558460044372e+00	3.7122999999999999e+00	
6.2831853071795868e-02	69	3.7122999999999999e+00	-1.2141744002232653e+00	-3.5081265393144632e+00	3.7122999999999995e+00	
6.2831853071795868e-02	70	3.7122999999999999e+00	-9.8923073856151866e-01	-3.5780712452220724e+00	3.7122999999999999e+00	
6.2831853071795868e-02	71	3.7122999999999999e+00	-7.6030379385840685e-01	-3.6336083210831229e+00	3.7122999999999995e+00	
6.2831853071795868e-02	72	3.7122999999999999e+00	-5.2831537412191676e-01	-3.6745141386945863e+00	3.7122999999999995e+00	
6.2831853071795868e-02	73	3.7122999999999999e+00	-2.9419961483945700e-01	-3.7006239847663953e+00	3.7122999999999999e+00	
6.2831853071795868e-02	74	3.7122999999999999e+00	-5.8899217543956287e-02	-3.7118327241637266e+00	3.7123000000000004e+00	
6.2831853071795868e-02	75	3.7122999999999999e+00	1.7663834611247883e-01	-3.7080952232490803e+00	3.7122999999999999e+00	
6.2831853071795868e-02	76	3.7122999999999999e+00	4.1146464949252259e-01	-3.6894265316195134e+00	3.7122999999999995e+00	
6.2831853071795868e-02	77	3.7122999999999999e+00	6.4463412995294411e-01	-3.6559018215072201e+00	3.7122999999999995e+00	
6.2831853071795868e-02	78	3.7122999999999999e+00	8.7520789629164442e-01	-3.6076560850874846e+00	3.7123000000000004e+00	
6.2831853071795868e-02	79	3.7122999999999999e+00	1.1022575093311551e+00	-3.5448835909128356e+00	3.7123000000000004e+00	
6.2831853071795868e-02	80	3.7122999999999999e+00	1.3248687204155052e+00	-3.4678371016621559e+00	3.7122999999999999e+00	
6.2831853071795868e-02	81	3.7122999999999999e+00	1.5421451527669015e+00	-3.3768268563545791e+00	3.7122999999999999e+00	
6.2831853071795868e-02	82	3.7122999999999999e+00	1.7532119108786277e+00	-3.2722193211264599e+00	3.7122999999999999e+00	
6.2831853071795868e-02	83	3.7122999999999999e+00	1.9572191034104680e+00	-3.1544357136015821e+00	3.7122999999999995e+00	
6.2831853071795868e-02	84	3.7122999999999999e+00	2.1533452654011582e+00	-3.0239503067964617e+00	3.7122999999999999e+00	
6.2831853071795868e-02	85	3.7122999999999999e+00	2.3408006660178713e+00	-2.8812885193902900e+00	3.7122999999999999e+00	
6.2831853071795868e-02	86	3.7122999999999999e+00	2.5188304885235397e+00	-2.7270248000493624e+00	3.7122999999999999e+00	
6.2831853071795868e-02	87	3.7122999999999999e+00	2.6867178696574494e+00	-2.5617803143250470e+00	3.7122999999999999e+00	
6.2831853071795868e-02	88	3.7122999999999999e+00	2.8437867861905790e+00	-2.3862204434393433e+00	3.7122999999999995e+00	
6.2831853071795868e-02	89	3.7122999999999999e+00	2.9894047770325494e+00	-2.2010521050295409e+00	3.7122999999999999e+00	
6.2831853071795868e-02	90	3.7122999999999999e+00	3.1229854899291940e+00	-2.0070209066404145e+00	3.7122999999999999e+00	
6.2831853071795868e-02	91	3.7122999999999999e+00	3.2439910424961624e+00	-1.8049081434257703e+00	3.7122999999999999e+00	
6.2831853071795868e-02	92	3.7122999999999999e+00	3.3519341880814233e+00	-1.5955276521486328e+00	3.7122999999999999e+00	
6.2831853071795868e-02	93	3.7122999999999999e+00	3.4463802777355652e+00	-1.3797225341478359e+00	3.7122999999999995e+00	
6.2831853071795868e-02	94	3.7122999999999999e+00	3.5269490103897119e+00	-1.1583617604664935e+00	3.7123000000000004e+00	
6.2831853071795868e-02	95	3.7122999999999999e+00	3.5933159641936934e+00	-9.3233667281232102e-01	3.7123000000000004e+00	
6.2831853071795868e-02	96	3.7122999999999999e+00	3.6452139028483455e+00	-7.0255739443915233e-01	3.7122999999999995e+00	
6.2831853071795868e-02	97	3.7122999999999999e+00	3.6824338516717612e+00	-4.6994916540183185e-01	3.7123000000000004e+00	
6.2831853071795868e-02	98	3.7122999999999999e+00	3.7048259390665761e+00	-2.3544861694106775e-01	3.7122999999999995e+00	
6.2831853071795868e-02	99	3.7122999999999999e+00	3.7122999999999999e+00	2.3879334849578313e-15	3.7122999999999999e+00	
6.2831853071795868e-02	0	3.7122999999999999e+00	3.7122999999999999e+00	0.0000000000000000e+00	3.7122999999999999e+00	
6.2831853071795868e-02	1	3.7122999999999999e+00	3.7048259390665765e+00	2.3544861694106442e-01	3.7123000000000004e+00	
6.2831853071795868e-02	2	3.7122999999999999e+00	3.6824338516717616e+00	4.6994916540182941e-01	3.7123000000000004e+00	
6.2831853071795868e-02	3	3.7122999999999999e+00	3.6452139028483459e+00	7.0255739443915077e-01	3.7122999999999995e+00	
6.2831853071795868e-02	4	3.7122999999999999e+00	3.5933159641936934e+00	9.3233667281232036e-01	3.7122999999999999e+00	
6.2831853071795868e-02	5	3.7122999999999999e+00	3.5269490103897119e+00	1.1583617604664938e+00	3.7123000000000004e+00	
6.2831853071795868e-02	6	3.7122999999999999e+00	3.4463802777355661e+00	1.3797225341478339e+00	3.7122999999999995e+00	
6.2831853071795868e-02	7	3.7122999999999999e+00	3.3519341880814242e+00	1.5955276521486317e+00	3.7123000000000004e+00	
6.2831853071795868e-02	8	3.7122999999999999e+00	3.2439910424961624e+00	1.8049081434257699e+00	3.7122999999999995e+00	
6.2831853071795868e-02	9	3.7122999999999999e+00	3.1229854899291940e+00	2.0070209066404145e+00	3.7122999999999999e+00	
6.2831853071795868e-02	10	3.7122999999999999e+00	2.9894047770325489e+00	2.2010521050295417e+00	3.7123000000000004e+00	
6.2831853071795868e-02	11	3.7122999999999999e+00	2.8437867861905826e+00	2.3862204434393397e+00	3.7122999999999999e+00	
6.2831853071795868e-02	12	3.7122999999999999e+00	2.6867178696574521e+00	2.5617803143250439e+00	3.7122999999999995e+00	
6.2831853071795868e-02	13	3.7122999999999999e+00	2.5188304885235420e+00	2.7270248000493611e+00	3.7123000000000004e+00	
6.2831853071795868e-02	14	3.7122999999999999e+00	2.3408006660178731e+00	2.8812885193902886e+00	3.7122999999999999e+00	
6.2831853071795868e-02	15	3.7122999999999999e+00	2.1533452654011591e+00	3.0239503067964608e+00	3.7122999999999995e+00	
6.2831853071795868e-02	16	3.7122999999999999e+00	1.9572191034104680e+00	3.1544357136015821e+00	3.7122999999999995e+00	
6.2831853071795868e-02	17	3.7122999999999999e+00	1.7532119108786299e+00	3.2722193211264590e+00	3.7122999999999999e+00	
6.2831853071795868e-02	18	3.7122999999999999e+00	1.5421451527669030e+00	3.3768268563545782e+00	3.7122999999999995e+00	
6.2831853071795868e-02	19	3.7122999999999999e+00	1.3248687204155061e+00	3.4678371016621554e+00	3.7122999999999995e+00	
6.2831853071795868e-02	20	3.7122999999999999e+00	1.1022575093311551e+00	3.5448835909128356e+00	3.7123000000000004e+00	
6.2831853071795868e-02	21	3.7122999999999999e+00	8.7520789629164686e-01	3.6076560850874837e+00	3.7122999999999999e+00	
6.2831853071795868e-02	22	3.7122999999999999e+00	6.4463412995294656e-01	3.6559018215072197e+00	3.7122999999999995e+00	
6.2831853071795868e-02	23	3.7122999999999999e+00	4.1146464949252348e-01	3.6894265316195134e+00	3.7122999999999995e+00	
6.2831853071795868e-02	24	3.7122999999999999e+00	1.7663834611247892e-01	3.7080952232490803e+00	3.7122999999999999e+00	
6.2831853071795868e-02	25	3.7122999999999999e+00	-5.8899217543957841e-02	3.7118327241637266e+00	3.7123000000000004e+00	
6.2831853071795868e-02	26	3.7122999999999999e+00	-2.9419961483945611e-01	3.7006239847663958e+00	3.7123000000000004e+00	
6.2831853071795868e-02	27	3.7122999999999999e+00	-5.2831537412191587e-01	3.6745141386945868e+00	3.7123000000000004e+00	
6.2831853071795868e-02	28	3.7122999999999999e+00	-7.6030379385840674e-01	3.6336083210831229e+00	3.7122999999999995e+00	
6.2831853071795868e-02	29	3.7122999999999999e+00	-9.8923073856151700e-01	3.5780712452220729e+00	3.7122999999999999e+00	
6.2831853071795868e-02	30	3.7122999999999999e+00	-1.2141744002232635e+00	3.5081265393144641e+00	3.7122999999999999e+00	
6.2831853071795868e-02	31	3.7122999999999999e+00	-1.4342290101106008e+00	3.4240558460044377e+00	3.7122999999999995e+00	
6.2831853071795868e-02	32	3.7122999999999999e+00	-1.6485084859764152e+00	3.3261976883017259e+00	3.7122999999999995e+00	
6.2831853071795868e-02	33	3.7122999999999999e+00	-1.8561499999999991e+00	3.2149461064689717e+00	3.7122999999999995e+00	
6.2831853071795868e-02	34	3.7122999999999999e+00	-2.0563174530901609e+00	3.0907490713606620e+00	3.7123000000000004e+00	
6.2831853071795868e-02	35	3.7122999999999999e+00	-2.2482048415611593e+00	2.9541066806026088e+00	3.7122999999999999e+00	
6.2831853071795868e-02	36	3.7122999999999999e+00	-2.4310395026250813e+00	2.8055691448753128e+00	3.7122999999999995e+00	
6.2831853071795868e-02	37	3.7122999999999999e+00	-2.6040852256321769e+00	2.6457345724097521e+00	3.7122999999999999e+00	
6.2831853071795868e-02	38	3.7122999999999999e+00	-2.7666452165313040e+00	2.4752465606166298e+00	3.7123000000000004e+00	
6.2831853071795868e-02	39	3.7122999999999999e+00	-2.9180649036136490e+00	2.2947916045467536e+00	3.7122999999999999e+00	
6.2831853071795868e-02	40	3.7122999999999999e+00	-3.0577345732419676e+00	2.1050963326177641e+00	3.7122999999999995e+00	
6.2831853071795868e-02	41	3.7122999999999999e+00	-3.1850918249522047e+00	1.9069245807379573e+00	3.7122999999999999e+00	
6.2831853071795868e-02	42	3.7122999999999999e+00	-3.2996238360416719e+00	1.7010743166086659e+00	3.7122999999999995e+00	
6.2831853071795868e-02	43	3.7122999999999999e+00	-3.4008694265250714e+00	1.4883744265899732e+00	3.7122999999999999e+00	
6.2831853071795868e-02	44	3.7122999999999999e+00	-3.4884209161435269e+00	1.2696813780678822e+00	3.7122999999999999e+00	
6.2831853071795868e-02	45	3.7122999999999999e+00	-3.5619257659490984e+00	1.0458757707624393e+00	3.7122999999999995e+00	
6.2831853071795868e-02	46	3.7122999999999999e+00	-3.6210879978546964e+00	8.1785879086347546e-01	3.7122999999999999e+00	
6.2831853071795868e-02	47	3.7122999999999999e+00	-3.6656693864333785e+00	5.8654858227186679e-01	3.7122999999999995e+00	
6.2831853071795868e-02	48	3.7122999999999999e+00	-3.6954904181680619e+00	3.5287654955811809e-01	3.7122999999999999e+00	
6.2831853071795868e-02	49	3.7122999999999999e+00	-3.7104310142890977e+00	1.1778360752487821e-01	3.7122999999999995e+00	
6.2831853071795868e-02	50	3.7122999999999999e+00	-3.7104310142890977e+00	-1.1778360752487731e-01	3.7122999999999995e+00	
6.2831853071795868e-02	51	3.7122999999999999e+00	-3.6954904181680619e+00	-3.5287654955811715e-01	3.7122999999999999e+00	
6.2831853071795868e-02	52	3.7122999999999999e+00	-3.6656693864333785e+00	-5.8654858227186746e-01	3.7122999999999999e+00	
6.2831853071795868e-02	53	3.7122999999999999e+00	-3.6210879978546964e+00	-8.1785879086347446e-01	3.7122999999999995e+00	
6.2831853071795868e-02	54	3.7122999999999999e+00	-3.5619257659490988e+00	-1.0458757707624384e+00	3.7122999999999999e+00	
6.2831853071795868e-02	55	3.7122999999999999e+00	-3.4884209161435278e+00	-1.2696813780678797e+00	3.7122999999999999e+00	
6.2831853071795868e-02	56	3.7122999999999999e+00	-3.4008694265250723e+00	-1.4883744265899708e+00	3.7122999999999995e+00	
6.2831853071795868e-02	57	3.7122999999999999e+00	-3.2996238360416732e+00	-1.7010743166086637e+00	3.7122999999999999e+00	
6.2831853071795868e-02	58	3.7122999999999999e+00	-3.1850918249522051e+00	-1.9069245807379567e+00	3.7122999999999999e+00	
6.2831853071795868e-02	59	3.7122999999999999e+00	-3.0577345732419681e+00	-2.1050963326177632e+00	3.7122999999999995e+00	
6.2831853071795868e-02	60	3.7122999999999999e+00	-2.9180649036136508e+00	-2.2947916045467518e+00	3.7123000000000004e+00	
6.2831853071795868e-02	61	3.7122999999999999e+00	-2.7666452165313045e+00	-2.4752465606166290e+00	3.7122999999999999e+00	
6.2831853071795868e-02	62	3.7122999999999999e+00	-2.6040852256321778e+00	-2.6457345724097516e+00	3.7123000000000004e+00	
6.2831853071795868e-02	63	3.7122999999999999e+00	-2.4310395026250808e+00	-2.8055691448753137e+00	3.7122999999999999e+00	
6.2831853071795868e-02	64	3.7122999999999999e+00	-2.2482048415611597e+00	-2.9541066806026079e+00	3.7122999999999995e+00	
6.2831853071795868e-02	65	3.7122999999999999e+00	-2.0563174530901618e+00	-3.0907490713606616e+00	3.7123000000000004e+00	
6.2831853071795868e-02	66	3.7122999999999999e+00	-1.8561500000000015e+00	-3.2149461064689704e+00	3.7122999999999995e+00	
6.2831853071795868e-02	67	3.7122999999999999e+00	-1.6485084859764145e+00	-3.3261976883017264e+00	3.7122999999999999e+00	
6.2831853071795868e-02	68	3.7122999999999999e+00	-1.4342290101106017e+00	-3.4240558460044372e+00	3.7122999999999999e+00	
6.2831853071795868e-02	69	3.7122999999999999e+00	-1.2141744002232653e+00	-3.5081265393144632e+00	3.7122999999999995e+00	
6.2831853071795868e-02	70	3.7122999999999999e+00	-9.8923073856151866e-01	-3.5780712452220724e+00	3.7122999999999999e+00	
6.2831853071795868e-02	71	3.7122999999999999e+00	-7.6030379385840685e-01	-3.6336083210831229e+00	3.7122999999999995e+00	
6.2831853071795868e-02	72	3.7122999999999999e+00	-5.2831537412191676e-01	-3.6745141386945863e+00	3.7122999999999995e+00	
6.2831853071795868e-02	73	3.7122999999999999e+00	-2.9419961483945700e-01	-3.7006239847663953e+00	3.7122999999999999e+00	
6.2831853071795868e-02	74	3.7122999999999999e+00	-5.8899217543956287e-02	-3.7118327241637266e+00	3.7123000000000004e+00	
6.2831853071795868e-02	75	3.7122999999999999e+00	1.7663834611247883e-01	-3.7080952232490803e+00	3.7122999999999999e+00	
6.2831853071795868e-02	76	3.7122999999999999e+00	4.1146464949252259e-01	-3.6894265316195134e+00	3.7122999999999995e+00	
6.2831853071795868e-02	77	3.7122999999999999e+00	6.4463412995294411e-01	-3.6559018215072201e+00	3.7122999999999995e+00	
6.2831853071795868e-02	78	3.7122999999999999e+00	8.7520789629164442e-01	-3.6076560850874846e+00	3.7123000000000004e+00	
6.2831853071795868e-02	79	3.7122999999999999e+00	1.1022575093311551e+00	-3.5448835909128356e+00	3.7123000000000004e+00	
6.2831853071795868e-02	80	3.7122999999999999e+00	1.3248687204155052e+00	-3.4678371016621559e+00	3.7122999999999999e+00	
6.2831853071795868e-02	81	3.7122999999999999e+00	1.5421451527669015e+00	-3.3768268563545791e+00	3.7122999999999999e+00	
6.2831853071795868e-02	82	3.7122999999999999e+00	1.7532119108786277e+00	-3.2722193211264599e+00	3.7122999999999999e+00	
6.2831853071795868e-02	83	3.7122999999999999e+00	1.9572191034104680e+00	-3.1544357136015821e+00	3.7122999999999995e+00	
6.2831853071795868e-02	84	3.7122999999999999e+00	2.1533452654011582e+00	-3.0239503067964617e+00	3.7122999999999999e+00	
6.2831853071795868e-02	85	3.7122999999999999e+00	2.3408006660178713e+00	-2.8812885193902900e+00	3.7122999999999999e+00	
6.2831853071795868e-02	86	3.7122999999999999e+00	2.5188304885235397e+00	-2.7270248000493624e+00	3.7122999999999999e+00	
6.2831853071795868e-02	87	3.7122999999999999e+00	2.6867178696574494e+00	-2.5617803143250470e+00	3.7122999999999999e+00	
6.2831853071795868e-02	88	3.7122999999999999e+00	2.8437867861905790e+00	-2.3862204434393433e+00	3.7122999999999995e+00	
6.2831853071795868e-02	89	3.7122999999999999e+00	2.9894047770325494e+00	-2.2010521050295409e+00	3.7122999999999999e+00	
6.2831853071795868e-02	90	3.7122999999999999e+00	3.1229854899291940e+00	-2.0070209066404145e+00	3.7122999999999999e+00	
6.2831853071795868e-02	91	3.7122999999999999e+00	3.2439910424961624e+00	-1.8049081434257703e+00	3.7122999999999999e+00	
6.2831853071795868e-02	92	3.7122999999999999e+00	3.3519341880814233e+00	-1.5955276521486328e+00	3.7122999999999999e+00	
6.2831853071795868e-02	93	3.7122999999999999e+00	3.4463802777355652e+00	-1.3797225341478359e+00	3.7122999999999995e+00	
6.2831853071795868e-02	94	3.7122999999999999e+00	3.5269490103897119e+00	-1.1583617604664935e+00	3.7123000000000004e+00	
6.2831853071795868e-02	95	3.7122999999999999e+00	3.5933159641936934e+00	-9.3233667281232102e-01	3.7123000000000004e+00	
6.2831853071795868e-02	96	3.7122999999999999e+00	3.6452139028483455e+00	-7.0255739443915233e-01	3.7122999999999995e+00	
6.2831853071795868e-02	97	3.7122999999999999e+00	3.6824338516717612e+00	-4.6994916540183185e-01	3.7123000000000004e+00	
6.2831853071795868e-02	98	3.7122999999999999e+00	3.7048259390665761e+00	-2.3544861694106775e-01	3.7122999999999995e+00	
6.2831853071795868e-02	99	3.7122999999999999e+00	3.7122999999999999e+00	2.3879334849578313e-15	3.7122999999999999e+00	
